version https://git-lfs.github.com/spec/v1
oid sha256:f84c9016d6ab42455ec459bd48df5464197a66859aa6477a5195fc55ff4c6283
size 111821
