version https://git-lfs.github.com/spec/v1
oid sha256:f2f65da19d5663979910211cd888a57c8d0ea6bf9308c046f95c888b23a5b16e
size 117642
